5.000000000000000104e-03 2.971470990616019714e-01 7.308832785939972654e-02 1.774558039289338141e-02 2.589642876139635480e-02
1.499999999999999944e-02 3.789137715906433224e-01 7.241198319833586083e-02 1.896147506806267202e-02 2.817034448732570057e-02
2.499999999999999792e-02 4.639451029695921824e-01 7.447303438784597107e-02 2.053856026192570766e-02 3.056533247949278637e-02
3.500000000000000333e-02 5.522410931984486071e-01 7.927148142793007113e-02 2.247683597448248485e-02 3.308139273789761220e-02
4.500000000000000527e-02 6.438017422772126519e-01 8.680732431858816101e-02 2.477630220573300707e-02 3.571852526254017807e-02
5.500000000000000028e-02 7.386270502058842613e-01 9.708056305982024070e-02 2.743695895567727430e-02 3.847673005342049091e-02
6.500000000000000222e-02 8.367170169844632133e-01 1.100911976516263102e-01 3.045880622431528656e-02 4.135600711053853684e-02
7.499999999999999722e-02 9.380716426129499519e-01 1.258392280940063557e-01 3.384184401164704037e-02 4.435635643389432281e-02
8.499999999999999223e-02 1.042690927091344033e+00 1.443246543869604048e-01 3.758607231767253920e-02 4.747777802348785575e-02
9.500000000000000111e-02 1.150574870419645901e+00 1.655474765304884577e-01 4.169149114239178305e-02 5.072027187931912873e-02
1.049999999999999961e-01 1.261723472597855222e+00 1.895076945245904310e-01 4.615810048580477193e-02 5.408383800138814174e-02
1.149999999999999911e-01 1.376136733625969999e+00 2.162053083692661581e-01 5.098590034791143644e-02 5.756847638969481845e-02
1.250000000000000000e-01 1.526440381813148672e+00 2.490992189237781762e-01 5.736130766566169270e-02 6.185390276895902373e-02
1.350000000000000089e-01 1.593526582659394508e+00 2.663641315318370784e-01 6.001750454973139165e-02 6.259666130086474767e-02
1.449999999999999900e-01 1.812679089530015553e+00 3.167805911658844731e-01 6.952239592656839218e-02 6.889588264379868654e-02
1.549999999999999989e-01 1.965482687299118902e+00 3.571555613750414526e-01 7.692982756800806343e-02 7.218864520920287298e-02
1.650000000000000078e-01 2.100459489325573692e+00 3.919527418880677794e-01 8.207631812293529616e-02 7.230174899481785211e-02
1.749999999999999889e-01 2.202612811444593532e+00 4.140671811478165987e-01 8.870654631811938917e-02 7.456614259417285173e-02
1.849999999999999978e-01 2.289017951461070233e+00 4.406494657770193002e-01 9.364503463962187135e-02 7.719885900565039150e-02
1.950000000000000067e-01 2.347692937708806049e+00 4.521900583587990519e-01 9.543836881775118186e-02 7.883007706896487388e-02
2.049999999999999878e-01 2.375190029963832217e+00 4.701998089374020973e-01 9.589753333449774209e-02 8.160140288217432314e-02
2.149999999999999967e-01 2.376335679854243654e+00 5.027806729849144673e-01 9.785692196732105608e-02 8.481329363938583388e-02
2.250000000000000056e-01 2.442153165606778309e+00 5.880685099299185481e-01 1.051403170442802570e-01 9.225497658397059653e-02
2.349999999999999867e-01 2.546056708383343192e+00 6.865470253440308923e-01 1.161675564093963275e-01 1.008988540501623288e-01
2.449999999999999956e-01 2.555654852538526978e+00 7.429958783288749258e-01 1.243578440440517435e-01 1.036015485711675455e-01
2.550000000000000044e-01 2.626411374168867496e+00 8.319893597127072660e-01 1.318043466175978784e-01 1.137131527482805049e-01
2.650000000000000133e-01 2.811741963465107741e+00 1.049888112963590636e+00 1.473302674399179224e-01 1.328040087244943268e-01
2.750000000000000222e-01 2.852028548945434672e+00 1.267245186689701653e+00 1.641087475672907692e-01 1.511635990768845916e-01
2.849999999999999756e-01 2.882668072818301397e+00 1.407702333292899510e+00 1.757441477264986285e-01 1.650459512020080732e-01
2.949999999999999845e-01 2.833851100208840013e+00 1.557779712799061356e+00 1.884057838442423083e-01 1.777633936367927492e-01
3.049999999999999933e-01 2.714306582082454344e+00 1.668028313859232226e+00 1.994519709593063073e-01 1.882640121902743602e-01
3.150000000000000022e-01 2.641723326777346337e+00 1.792296815181097180e+00 2.068526514213540890e-01 1.998579930570872354e-01
3.250000000000000111e-01 2.537050356861169309e+00 1.907065336685227486e+00 2.145845184308812492e-01 2.143376629598476857e-01
3.350000000000000200e-01 2.364739673758585070e+00 2.021437912426446104e+00 2.213676827688611515e-01 2.283811938614854764e-01
3.450000000000000289e-01 2.323127773976236377e+00 2.108877417859333026e+00 2.306785752624908592e-01 2.447880623936296574e-01
3.549999999999999822e-01 2.438491605409937257e+00 2.174506782164014052e+00 2.412086525723242114e-01 2.533117995578168524e-01
3.649999999999999911e-01 2.197347611417859170e+00 2.202896412468283494e+00 2.424754904467619210e-01 2.531167413743705130e-01
3.750000000000000000e-01 2.035934437520879658e+00 2.215528997313878534e+00 2.459615021478949171e-01 2.536540296752797241e-01
3.850000000000000089e-01 2.034712498115140988e+00 2.241663819483430409e+00 2.576336139189731034e-01 2.602427203637573405e-01
3.950000000000000178e-01 1.874721597323556921e+00 2.240338602970452619e+00 2.704625871871816356e-01 2.701910527988438115e-01
4.050000000000000266e-01 1.722507478041900963e+00 2.186445228980678390e+00 2.790696106678650090e-01 2.780624641944437481e-01
4.149999999999999800e-01 1.550410989350480939e+00 2.141836367472553793e+00 2.902251168323238817e-01 2.868009927228766798e-01
4.249999999999999889e-01 1.403832076258576311e+00 2.134291939459832754e+00 3.060008644362652297e-01 2.947175572368332386e-01
4.349999999999999978e-01 1.251793179217355334e+00 2.108758197275418578e+00 3.243532131292859444e-01 3.021330121767724086e-01
4.450000000000000067e-01 1.103357802107232999e+00 2.065704949492036313e+00 3.441807160854635228e-01 3.044595563072209909e-01
4.550000000000000155e-01 1.012318938320250883e+00 2.044787718966956547e+00 3.756685211633632449e-01 3.073002800668991896e-01
4.650000000000000244e-01 9.382431455526916153e-01 2.009425844312751064e+00 3.714108213263432323e-01 3.009605227244973591e-01
4.749999999999999778e-01 8.842214534017565075e-01 1.968275883463762810e+00 3.622527421115319668e-01 2.957728007078111454e-01
4.849999999999999867e-01 8.423037047858145110e-01 1.939987381660992938e+00 3.901903670423049197e-01 3.049975157531305547e-01
4.949999999999999956e-01 9.292465697167776595e-01 2.009613384782437784e+00 4.626424196809031941e-01 3.345094924356404875e-01
5.050000000000000044e-01 9.513456234437045467e-01 2.113104098947529597e+00 5.588500136343125257e-01 3.731303003213145009e-01
5.150000000000000133e-01 9.002782005678666710e-01 2.128461475709066963e+00 6.661211421409224398e-01 4.099391331345044742e-01
5.250000000000000222e-01 8.154813599490492448e-01 2.036606144847290079e+00 7.508600640497760104e-01 4.200620284426597739e-01
5.350000000000000311e-01 7.143034906711794862e-01 1.908576744866653963e+00 7.044950000675266333e-01 4.107707062620775673e-01
5.450000000000000400e-01 7.242472116539392379e-01 1.862244737391264504e+00 7.350449573959826344e-01 4.320833743511566793e-01
5.550000000000000488e-01 7.181043790423267126e-01 1.873807103168486199e+00 8.752834359253744978e-01 4.686438860555307007e-01
5.650000000000000577e-01 6.989312957567564988e-01 1.837949737256797667e+00 1.019828720551010592e+00 5.008158911265587765e-01
5.749999999999999556e-01 6.413955966351214677e-01 1.730026852790712777e+00 1.122995176115688887e+00 5.126177711547014182e-01
5.849999999999999645e-01 5.619505812512317622e-01 1.640159546318841866e+00 1.275857179758049575e+00 5.373161866825684196e-01
5.949999999999999734e-01 4.640164935113681999e-01 1.554821163177504406e+00 1.446871104269392472e+00 5.717628182500110734e-01
6.049999999999999822e-01 4.255149790815173083e-01 1.526637208403415880e+00 1.632390875966772903e+00 6.045634658384722027e-01
6.149999999999999911e-01 3.758829750323666175e-01 1.444022402854455711e+00 1.815640285455579317e+00 6.333151707709814282e-01
6.250000000000000000e-01 3.230900166582636457e-01 1.385127512275738493e+00 2.007447613887876958e+00 6.788639820666966251e-01
6.350000000000000089e-01 2.727728217330467331e-01 1.336129146301628712e+00 2.213899214672542026e+00 7.283555160275613227e-01
6.450000000000000178e-01 2.273515199862098102e-01 1.267085309281748673e+00 2.390010431514935085e+00 7.622462685631592461e-01
6.550000000000000266e-01 1.980043812141243642e-01 1.235163700028274691e+00 2.504150204274808278e+00 7.784296571059603487e-01
6.650000000000000355e-01 1.795597048998656131e-01 1.189365909015146272e+00 2.524972547559134473e+00 7.741201143769909088e-01
6.750000000000000444e-01 1.717335250587824491e-01 1.102009545447581340e+00 2.541397429292836740e+00 7.675845760565267462e-01
6.850000000000000533e-01 1.520808322869052487e-01 9.962001459569982398e-01 2.533438100215623656e+00 7.550792350576580603e-01
6.950000000000000622e-01 1.456710496355208273e-01 9.140124885408176247e-01 2.465930568343917439e+00 7.319316764659622443e-01
7.049999999999999600e-01 1.282075528902461570e-01 8.126012740674677381e-01 2.344821517774413611e+00 6.931783718128717853e-01
7.149999999999999689e-01 1.137444443536220900e-01 7.497140725432729358e-01 2.292304075714981959e+00 6.879954550429053795e-01
7.249999999999999778e-01 9.492351809402724272e-02 6.967947150520604760e-01 2.286249143751008628e+00 7.075126878460619162e-01
7.349999999999999867e-01 7.867174895345407926e-02 6.455533354288458536e-01 2.271304643927698930e+00 7.365300222770185812e-01
7.449999999999999956e-01 6.429958219634378247e-02 5.932649473961078002e-01 2.282452827790879102e+00 7.782712739341357544e-01
7.550000000000000044e-01 5.072506820676228600e-02 5.274333060473465062e-01 2.277983466419764458e+00 8.479157631120470828e-01
7.650000000000000133e-01 2.329780923497755049e-02 4.025390295492989878e-01 2.154030456526888848e+00 8.920463767407610378e-01
7.750000000000000222e-01 1.543645033574549477e-02 3.210207308052240860e-01 1.997160577647582702e+00 9.275111835699467733e-01
7.850000000000000311e-01 4.217077688736670799e-02 3.703066324731122960e-01 2.061464939907823535e+00 1.038043112133694823e+00
7.950000000000000400e-01 3.492889901547693854e-02 3.574768693782069962e-01 2.076747130040898170e+00 1.086600792090398171e+00
8.050000000000000488e-01 2.684901399634273891e-02 3.004197714664162411e-01 1.970089152507030095e+00 1.081466767802708118e+00
8.150000000000000577e-01 1.970091645585680604e-02 2.486825465185257822e-01 1.941218983359118244e+00 1.149338761526687014e+00
8.250000000000000666e-01 2.780253690853990572e-02 2.688361453555009883e-01 1.987746236350291795e+00 1.247431645609767159e+00
8.349999999999999645e-01 2.809327600823570067e-02 2.597978229750170232e-01 2.023765630043253605e+00 1.337849677610485122e+00
8.449999999999999734e-01 2.562106983524582021e-02 2.425268415918027387e-01 2.049213424147318996e+00 1.432653495967527890e+00
8.549999999999999822e-01 2.239000939611049401e-02 2.298993259074331164e-01 2.074413591034141469e+00 1.547372232016766436e+00
8.649999999999999911e-01 2.079467574994045553e-02 2.278452563036703071e-01 2.089770840301822030e+00 1.657762247165936342e+00
8.750000000000000000e-01 1.975945853971727145e-02 2.210523746170602599e-01 2.067414262160244043e+00 1.747867856411663201e+00
8.850000000000000089e-01 1.875205959820678073e-02 2.046288587725028085e-01 1.986850981754775036e+00 1.845117248727395243e+00
8.950000000000000178e-01 1.803021238282853655e-02 1.881476476050679136e-01 1.858625844581005326e+00 1.944910261282669639e+00
9.050000000000000266e-01 1.774640406975501808e-02 1.759296522010666552e-01 1.716872334245956422e+00 2.028077889248396826e+00
9.150000000000000355e-01 1.581057679886101533e-02 1.667635126353269603e-01 1.614687494398620471e+00 2.064686137511379194e+00
9.250000000000000444e-01 1.375682717418630872e-02 1.580230481847243462e-01 1.479064980255111461e+00 2.067401213929852322e+00
9.350000000000000533e-01 1.204893179877316797e-02 1.501723005996180582e-01 1.320845120081057811e+00 2.061939777057628653e+00
9.450000000000000622e-01 1.117507077334156662e-02 1.406673398967636102e-01 1.193300669107416168e+00 2.039979550794796204e+00
9.549999999999999600e-01 1.205442566557103114e-02 1.365357557577956960e-01 1.113700625763478946e+00 2.004693386195356197e+00
9.649999999999999689e-01 1.175132560095140319e-02 1.312631038206131529e-01 1.032913787525687965e+00 1.943569711916694587e+00
9.749999999999999778e-01 1.132091852421859834e-02 1.262525872231576030e-01 9.592207790968234615e-01 1.883531156676675700e+00
9.849999999999999867e-01 1.081909949180858213e-02 1.286884569444907145e-01 9.085922857011676790e-01 1.820259264056738102e+00
9.949999999999999956e-01 1.032596035252589771e-02 1.211056145120861377e-01 8.058751768642054003e-01 1.773961096805815263e+00
1.005000000000000115e+00 9.804310742406976281e-03 1.112046774504794611e-01 6.544564757025994606e-01 1.683441736139348555e+00
1.015000000000000124e+00 9.740261716289302235e-03 1.089645032067837749e-01 5.522124168603438354e-01 1.563181953540503377e+00
1.025000000000000133e+00 9.499347756934386697e-03 1.039691472179216647e-01 4.738240431533510266e-01 1.449538351922892376e+00
1.035000000000000142e+00 9.637154717964484946e-03 9.532621326475726464e-02 3.377129082095681190e-01 1.287101438249318441e+00
1.045000000000000151e+00 8.894536943242620924e-03 8.587514086744246766e-02 2.482015508982490792e-01 1.183251704179565378e+00
1.055000000000000160e+00 1.015148039823162568e-02 9.078874088429936262e-02 2.502321141369286961e-01 1.175898272060882155e+00
1.065000000000000169e+00 1.037548838327698002e-02 8.895357091655062276e-02 2.131190278515419090e-01 1.116547256516400743e+00
1.075000000000000178e+00 1.074699971882405597e-02 8.938892853066668365e-02 1.806654610299779362e-01 1.052012134112455755e+00
1.085000000000000187e+00 1.098624624675404587e-02 8.713874238921567872e-02 1.522302312945041369e-01 1.006335070631419359e+00
1.095000000000000195e+00 1.110121516676837276e-02 8.777354359762121194e-02 1.380119824467133660e-01 1.010024158499670310e+00
1.105000000000000204e+00 1.177423381595753618e-02 8.910085292444498706e-02 1.226512791170794037e-01 1.015540722331219836e+00
1.115000000000000213e+00 1.277317601411982750e-02 8.964965238489944199e-02 1.129206319650679774e-01 1.041955636049616718e+00
1.125000000000000222e+00 1.342364263393610625e-02 9.185653673130179941e-02 1.194956982373842763e-01 1.084466082407651744e+00
1.135000000000000231e+00 1.318351651552039996e-02 9.068560380735049553e-02 1.239780377225875307e-01 1.101549776568059080e+00
1.145000000000000240e+00 1.371755485491665989e-02 9.455736968695570288e-02 1.237696011591612466e-01 1.104461095003525406e+00
1.155000000000000027e+00 1.487344924799706078e-02 1.000501862801878306e-01 1.173264378224351534e-01 1.093141472877653175e+00
1.165000000000000036e+00 1.590499041515142792e-02 1.038172090017955712e-01 1.113294135328669193e-01 1.093988764438658778e+00
1.175000000000000044e+00 1.691453632931815346e-02 1.053447006365873656e-01 1.021373594312952882e-01 1.089242893448326921e+00
1.185000000000000053e+00 1.734085256159594024e-02 1.043529946014910698e-01 9.119904485451052478e-02 1.048181322049521969e+00
1.195000000000000062e+00 1.751723040610324994e-02 1.031781819107885356e-01 8.201337532302617472e-02 9.884592951955692985e-01
1.205000000000000071e+00 1.738365405788815793e-02 1.013637278136753639e-01 7.450954550029256773e-02 9.320226736415866409e-01
1.215000000000000080e+00 1.702716353539155889e-02 9.732926481569140198e-02 6.809806083322139658e-02 8.834925180269778133e-01
1.225000000000000089e+00 1.683658814395396983e-02 9.288221736304839993e-02 6.273699017041658998e-02 8.337166576122050365e-01
1.235000000000000098e+00 1.685808810319126827e-02 8.994898731166531269e-02 5.792904868348242725e-02 7.939290157980688489e-01
1.245000000000000107e+00 1.643403173102891968e-02 8.573203730207128170e-02 5.190390751833214023e-02 7.339650986477593841e-01
1.255000000000000115e+00 1.564651351094361112e-02 7.898071652152033328e-02 4.402987471081040716e-02 6.616445481934144501e-01
1.265000000000000124e+00 1.475172093148644295e-02 7.221532933902237439e-02 3.699089243710848574e-02 6.004364678561107116e-01
1.275000000000000133e+00 1.388019574265986038e-02 6.645020427546671771e-02 3.179370440404809955e-02 5.545280054957251181e-01
1.285000000000000142e+00 1.247175754049641497e-02 5.930655032682981970e-02 2.824388693819590568e-02 5.205661060841452192e-01
1.295000000000000151e+00 1.241892482015084960e-02 5.753537636140770850e-02 2.664159074956047590e-02 4.773503739241513055e-01
1.305000000000000160e+00 1.192892206586917102e-02 5.230090291315792062e-02 2.224227336363014326e-02 4.097487264358579684e-01
1.315000000000000169e+00 1.164581913400924290e-02 4.653209991034758242e-02 1.846581593145444136e-02 3.512259848095463655e-01
1.325000000000000178e+00 1.148117025588260391e-02 4.156996717651552375e-02 1.681016914902339413e-02 3.183031273849901144e-01
1.335000000000000187e+00 1.173556285836380511e-02 3.974499249412482421e-02 1.688026234363161626e-02 3.161575490923176357e-01
1.345000000000000195e+00 1.227949303892895798e-02 3.743166481319198935e-02 1.650327440653217778e-02 2.888694051350549907e-01
1.355000000000000204e+00 1.275613219392766548e-02 3.443906774372789553e-02 1.597371572693666308e-02 2.608528226476906631e-01
1.365000000000000213e+00 1.346262275687965491e-02 3.224202117363175052e-02 1.651531216857635154e-02 2.408820700889361677e-01
1.375000000000000222e+00 1.485729071186034020e-02 3.261777182423237359e-02 1.852574715319574641e-02 2.375506385174712687e-01
1.385000000000000231e+00 1.746783666911676594e-02 4.113488780814967410e-02 2.280895961207208417e-02 2.570833911848768860e-01
1.395000000000000240e+00 1.979061489376235730e-02 4.732326213074953408e-02 2.606561366608738106e-02 2.676036072607592131e-01
1.405000000000000027e+00 2.131358491515625286e-02 4.975011134655736578e-02 2.789079930113466665e-02 2.628830726679087237e-01
1.415000000000000036e+00 2.240419553927572999e-02 5.084035129277170162e-02 2.911912987605382030e-02 2.540188744510691876e-01
1.425000000000000044e+00 2.311491950889664124e-02 5.068593642361304136e-02 2.975904607490728951e-02 2.413149914549278519e-01
1.435000000000000053e+00 2.334739499874808125e-02 4.934756723554205304e-02 2.968619638818248765e-02 2.234129661676577117e-01
1.445000000000000062e+00 2.313108786957197849e-02 4.715675139700988006e-02 2.901166976470920256e-02 2.024725829715797731e-01
1.455000000000000071e+00 2.259375401786252804e-02 4.450001519738640277e-02 2.789365260089800291e-02 1.811881186770800123e-01
1.465000000000000080e+00 2.184546738616046854e-02 4.200965481264956614e-02 2.647035104227586297e-02 1.631901607071074012e-01
1.475000000000000089e+00 2.080985138606079518e-02 3.919244270422209825e-02 2.476757661769963051e-02 1.471319398005456192e-01
1.485000000000000098e+00 1.952708730222108002e-02 3.616318954388141049e-02 2.292685949430212783e-02 1.330915002082926069e-01
1.495000000000000107e+00 1.771432891069679369e-02 3.247059375378694851e-02 2.097342447166124918e-02 1.190402129522324243e-01
1.505000000000000115e+00 1.562176089589219219e-02 2.856603320375527416e-02 1.896447875272312331e-02 1.047302891339918496e-01
1.515000000000000124e+00 1.449585592895651608e-02 2.567823475923583856e-02 1.731445464934703443e-02 9.234442503475029373e-02
1.525000000000000133e+00 1.436406471756574744e-02 2.399586297371211763e-02 1.601519401689969341e-02 8.236094823412321020e-02
1.535000000000000142e+00 1.493887457602555667e-02 2.315317863592896222e-02 1.476676629678023468e-02 7.378188780597341734e-02
1.545000000000000151e+00 1.562119919615032049e-02 2.228781543234557502e-02 1.344633077010548745e-02 6.589698841806737595e-02
1.555000000000000160e+00 1.613451219409488269e-02 2.122923783824247693e-02 1.213882576628623824e-02 5.878141239996705070e-02
1.565000000000000169e+00 1.673480251289925086e-02 2.064663981489826133e-02 1.111546606964742070e-02 5.356561557487865555e-02
1.575000000000000178e+00 1.720018942787401861e-02 2.034914254241192155e-02 1.043040759068677992e-02 4.975462406538305737e-02
1.585000000000000187e+00 1.735497573161210935e-02 1.994790246304319406e-02 9.690628794853467509e-03 4.677047285636860147e-02
1.595000000000000195e+00 1.726079760711116823e-02 1.957782377387991268e-02 9.027424845464307110e-03 4.482759938467738986e-02
1.605000000000000204e+00 1.701315972199110224e-02 1.944762979647232659e-02 8.623088865531246608e-03 4.432832290419199545e-02
1.615000000000000213e+00 1.697382434065461063e-02 1.954062932265597519e-02 8.479601818509643549e-03 4.461734380945493739e-02
1.625000000000000222e+00 1.700627288951131813e-02 1.939434660491122162e-02 8.469255678595667691e-03 4.459265380684541979e-02
1.635000000000000231e+00 1.686752995313800865e-02 1.901015865299613555e-02 8.375780454272773248e-03 4.367468737910192023e-02
1.645000000000000240e+00 1.675682458189096252e-02 1.875532894033775377e-02 8.267636329191883904e-03 4.268374360468028816e-02
1.655000000000000249e+00 1.653957512769335669e-02 1.839593243647348955e-02 8.089556787713725328e-03 4.128861696079942634e-02
1.665000000000000036e+00 1.609445539443499912e-02 1.775897593954070541e-02 7.755945238896335206e-03 3.918187606548518415e-02
1.675000000000000044e+00 1.534751747203709667e-02 1.682490513417068956e-02 7.312004921669963860e-03 3.646613112703482595e-02
1.685000000000000053e+00 1.433307934408875606e-02 1.567504503635211779e-02 6.866884914718576240e-03 3.340468507999144743e-02
1.695000000000000062e+00 1.310581309250709488e-02 1.437923098773782535e-02 6.449243673757252583e-03 3.031776743418010400e-02
1.705000000000000071e+00 1.188929765581798158e-02 1.316806754982802023e-02 6.076527243233025705e-03 2.751529785711779794e-02
1.715000000000000080e+00 1.094054739542070151e-02 1.224668551498941590e-02 5.796282558541065652e-03 2.532569614045225570e-02
1.725000000000000089e+00 1.045524107085710544e-02 1.177377940092052752e-02 5.683522482095564737e-03 2.400686207329122066e-02
1.735000000000000098e+00 1.046460907472014992e-02 1.174400060499522676e-02 5.754251708525053889e-03 2.343513134796550504e-02
1.745000000000000107e+00 1.133062606773350620e-02 1.266516683631850257e-02 6.148576262628879796e-03 2.426955145796478794e-02
1.755000000000000115e+00 1.313994405117080086e-02 1.447628947368834358e-02 6.787423815894566212e-03 2.613648490995716667e-02
1.765000000000000124e+00 1.465318227562676864e-02 1.595514501716513781e-02 7.258652136095060554e-03 2.750316006880141467e-02
1.775000000000000133e+00 1.553826258006810700e-02 1.675381324244396702e-02 7.456466917871443049e-03 2.800449036704783998e-02
1.785000000000000142e+00 1.597199869342053741e-02 1.706687903531338771e-02 7.452971842380919434e-03 2.794518237051130463e-02
1.795000000000000151e+00 1.591211995994577452e-02 1.686401923622677518e-02 7.257506135313181173e-03 2.726778785936172927e-02
1.805000000000000160e+00 1.543963094201271369e-02 1.622106630463137841e-02 6.891414249762395014e-03 2.604552163118279209e-02
1.815000000000000169e+00 1.459336896678055037e-02 1.517802668051404860e-02 6.371874106096669238e-03 2.435555145505136770e-02
1.825000000000000178e+00 1.343926326099623147e-02 1.381843042248166557e-02 5.734127720948490464e-03 2.229814230809405023e-02
1.835000000000000187e+00 1.212297089409878660e-02 1.229802242030230731e-02 5.055570987654612290e-03 2.015352801634034269e-02
1.845000000000000195e+00 1.094640948517896194e-02 1.092492347461340545e-02 4.431752382965432543e-03 1.828428213915112704e-02
1.855000000000000204e+00 1.009962205086635360e-02 9.789734858788434052e-03 3.923788871149245724e-03 1.683014080054940145e-02
1.865000000000000213e+00 9.356046262291141738e-03 8.901174008950673081e-03 3.577418076791696010e-03 1.588970880519006978e-02
1.875000000000000222e+00 8.559016918381151529e-03 8.209557615988079260e-03 3.216585972089203507e-03 1.485439536710223170e-02
1.885000000000000231e+00 8.065811231303730497e-03 7.813860193118417688e-03 2.892057756170089179e-03 1.399954668157292123e-02
1.895000000000000240e+00 7.726063752610532950e-03 7.465312214804405155e-03 2.605391091442679254e-03 1.322767864937943010e-02
1.905000000000000249e+00 7.443158119581064734e-03 7.171957919462522250e-03 2.363417319123214001e-03 1.255224695628734573e-02
1.915000000000000036e+00 7.228771938856426785e-03 6.958346608876717077e-03 2.169784134238891393e-03 1.200826990104418741e-02
1.925000000000000044e+00 6.892796347018836922e-03 6.663296832894618701e-03 2.001341846364948843e-03 1.145941595959510881e-02
1.935000000000000053e+00 6.843275700120275348e-03 6.634050397820316462e-03 1.923893765024435381e-03 1.125886174363233821e-02
1.945000000000000062e+00 6.989030911870999958e-03 6.767955878815070173e-03 1.920299052747148974e-03 1.133139071754777141e-02
1.955000000000000071e+00 7.618419238916570094e-03 7.231407486531457075e-03 2.019790199988652848e-03 1.179167200547334010e-02
1.965000000000000080e+00 8.421216647410190159e-03 7.802294874677931195e-03 2.190386116360098102e-03 1.237194862695013137e-02
1.975000000000000089e+00 9.141092887399991998e-03 8.320473433388280229e-03 2.377226113777391233e-03 1.286224538903834105e-02
1.985000000000000098e+00 9.631109385063355011e-03 8.686517079598469679e-03 2.520523314495998028e-03 1.314990082972815333e-02
1.995000000000000107e+00 9.884666385395497051e-03 8.835045909892169994e-03 2.593512865550573563e-03 1.315529530435453551e-02
2.005000000000000338e+00 9.698267371400089501e-03 8.599573189229133344e-03 2.565867323636630403e-03 1.268318111565550597e-02
2.015000000000000124e+00 9.617971859390539099e-03 8.376310857852516112e-03 2.538266031539845782e-03 1.217289068476422841e-02
2.025000000000000355e+00 9.359879368589551010e-03 8.007805375068921885e-03 2.478282927834667658e-03 1.150257999894992687e-02
2.035000000000000142e+00 9.235101807401193547e-03 7.722493535087209329e-03 2.437582731906225934e-03 1.094350074322772599e-02
2.044999999999999929e+00 9.191143043605637039e-03 7.503532724810306649e-03 2.399111056982062076e-03 1.043985655430075023e-02
2.055000000000000160e+00 9.072136389102841703e-03 7.240866673403125245e-03 2.340734644720030965e-03 9.892251309012065411e-03
2.064999999999999947e+00 8.930769099361834593e-03 6.961778699987884560e-03 2.267436576550091367e-03 9.337123686226727476e-03
2.075000000000000178e+00 8.780370077971970041e-03 6.665260706951900774e-03 2.178140736841356010e-03 8.788773173827937879e-03
2.084999999999999964e+00 8.667520022410063127e-03 6.406887814920549443e-03 2.086734532224510802e-03 8.320126997226003768e-03
2.095000000000000195e+00 8.608853542888893207e-03 6.212945655643652317e-03 1.999610217875494311e-03 7.967429272483414135e-03
2.104999999999999982e+00 8.688331339628216701e-03 6.158563175223705048e-03 1.931981934813312846e-03 7.795243763389284389e-03
2.115000000000000213e+00 8.920084758245868869e-03 6.223798511003290901e-03 1.880116838888265746e-03 7.750869855077522318e-03
2.125000000000000000e+00 9.323667922536485464e-03 6.381361188020785030e-03 1.838403443670292518e-03 7.789981691782903173e-03
2.135000000000000231e+00 9.611712645936234742e-03 6.480517004558601635e-03 1.792417271030050325e-03 7.794685585562692934e-03
2.145000000000000018e+00 9.756567904222739063e-03 6.496665941320464710e-03 1.732017017396887942e-03 7.769142689506538385e-03
2.155000000000000249e+00 9.751020613419586827e-03 6.382645462255490121e-03 1.633457374362713623e-03 7.651757074341772671e-03
2.165000000000000036e+00 9.561155898620096738e-03 6.127215622391189893e-03 1.492539294693162209e-03 7.405433022230355038e-03
2.175000000000000266e+00 9.494977164137954895e-03 6.013822593057174815e-03 1.371012452161614586e-03 7.296974884709794482e-03
2.185000000000000053e+00 9.294767888239676909e-03 5.831707404849921159e-03 1.246507881017427412e-03 7.120125048983092474e-03
2.195000000000000284e+00 9.244218574770498784e-03 5.792466569719662527e-03 1.169133846349372898e-03 7.028751895742998620e-03
2.205000000000000071e+00 9.072723406973353874e-03 5.664215769532524730e-03 1.100278408878575635e-03 6.825803826232874731e-03
2.215000000000000302e+00 8.897377320634603654e-03 5.513249540106278726e-03 1.033593245742710004e-03 6.571545139616266282e-03
2.225000000000000089e+00 8.663673590124904011e-03 5.318988867572335341e-03 9.675423268930507690e-04 6.277777889181080338e-03
2.235000000000000320e+00 8.280706151165972626e-03 5.105389424079549363e-03 9.098094772314597838e-04 5.971833903565869871e-03
2.245000000000000107e+00 7.787545338609816285e-03 4.867229338919299569e-03 8.628572019745118452e-04 5.729888959386469395e-03
2.255000000000000338e+00 7.646087331164464970e-03 4.895760395311061532e-03 8.844332846256699370e-04 5.850906087993086244e-03
2.265000000000000124e+00 7.728642401242753410e-03 5.036056561841241626e-03 9.457011643499817211e-04 6.103896656192435606e-03
2.275000000000000355e+00 8.355005979695882129e-03 5.506229540470382496e-03 1.093478094837839780e-03 6.659314297503015657e-03
2.285000000000000142e+00 9.017543792275166739e-03 5.988318016160830773e-03 1.231799840718077622e-03 7.164644750151868968e-03
2.295000000000000373e+00 9.561563478799455298e-03 6.355669868148481477e-03 1.340338732843754811e-03 7.528252950630624600e-03
2.305000000000000160e+00 1.003659248091078211e-02 6.636961870823822156e-03 1.425997286471361852e-03 7.783101205257283127e-03
2.314999999999999947e+00 1.038785507104154383e-02 6.796716363461543370e-03 1.481834225160415935e-03 7.892602113466417116e-03
2.325000000000000178e+00 1.061360443246954152e-02 6.853270786163353882e-03 1.509753539881108966e-03 7.883194240489903651e-03
2.334999999999999964e+00 1.065313817389593881e-02 6.801408846617434251e-03 1.505781727353967077e-03 7.759810187819156727e-03
2.345000000000000195e+00 1.046219804898495566e-02 6.613720433036013313e-03 1.470258589300774956e-03 7.541498570531816013e-03
2.354999999999999982e+00 1.003756646221365748e-02 6.290323082637092056e-03 1.407152373370866615e-03 7.235293234312599117e-03
2.365000000000000213e+00 9.444146331281551288e-03 5.859858480782645374e-03 1.323040651259576369e-03 6.853074154078184904e-03
2.375000000000000000e+00 8.908987033345742990e-03 5.422475322134397667e-03 1.233610052586743121e-03 6.415333253565774774e-03
2.385000000000000231e+00 8.443638582403706697e-03 4.997614481392236019e-03 1.136728771525760207e-03 5.979348982534735645e-03
2.395000000000000018e+00 7.985764296778909838e-03 4.580569198133058184e-03 1.038854849386567454e-03 5.532391849153107423e-03
2.405000000000000249e+00 7.489296036372401072e-03 4.136282236872346196e-03 9.547605856716304693e-04 5.069503142811160844e-03
2.415000000000000036e+00 6.975393246911195354e-03 3.792042510816155676e-03 9.021411069996357899e-04 4.680816008888256420e-03
2.425000000000000266e+00 6.490549323968284462e-03 3.606065356176667899e-03 8.787083209791219339e-04 4.409533287274076258e-03
2.435000000000000053e+00 6.475542389964313375e-03 3.655041400501266632e-03 9.223847332570663362e-04 4.299564430842264286e-03
2.445000000000000284e+00 6.673866781117938213e-03 3.787500493202170578e-03 9.896041168506283965e-04 4.335916709380375177e-03
2.455000000000000071e+00 6.964140500924717245e-03 3.965325440204379472e-03 1.064715620365293139e-03 4.480274572148642068e-03
2.465000000000000302e+00 7.151689829142371217e-03 4.102008502854808877e-03 1.123668262714374319e-03 4.666961082559068809e-03
2.475000000000000089e+00 7.235503706011613655e-03 4.244469518051711618e-03 1.175815070305848359e-03 4.919879675395367503e-03
2.485000000000000320e+00 7.412835237377755036e-03 4.390676749206418733e-03 1.223137183731978642e-03 5.236862822406357539e-03
2.495000000000000107e+00 7.842556640610858290e-03 4.611021837992754918e-03 1.284636445041041370e-03 5.579616926148877991e-03
2.505000000000000338e+00 8.508593878628413140e-03 4.946528756336346366e-03 1.378903845823858552e-03 5.963333828900132909e-03
2.515000000000000124e+00 8.862010615216494094e-03 5.244795962555980247e-03 1.458986504898061951e-03 6.274163969994175395e-03
2.525000000000000355e+00 9.445786293371210424e-03 5.406173039338955932e-03 1.484151774260784352e-03 6.413464746068047416e-03
2.535000000000000142e+00 9.831350195857607027e-03 5.498548933030996885e-03 1.472285861290155776e-03 6.421335455258213309e-03
2.545000000000000373e+00 9.914617014065351883e-03 5.438756131155767122e-03 1.423024713844623767e-03 6.262349124437107707e-03
2.555000000000000160e+00 9.728978122199563941e-03 5.263175106268797726e-03 1.341110252893900658e-03 5.976606030164342137e-03
2.564999999999999947e+00 9.268184103500816048e-03 5.008088415099745325e-03 1.234003681674249392e-03 5.616026567840600586e-03
2.575000000000000178e+00 8.627307434153474314e-03 4.704785956863671154e-03 1.113664681875332560e-03 5.237493886237428245e-03
2.584999999999999964e+00 8.152616625735615782e-03 4.376955860771225212e-03 1.004719156562524501e-03 4.867973167872874721e-03
2.595000000000000195e+00 7.848079045794516609e-03 4.063295397855787999e-03 9.167010702234854643e-04 4.516376881201471932e-03
2.604999999999999982e+00 7.593107880242601880e-03 3.766142907916031086e-03 8.454312066300727563e-04 4.161524707198314445e-03
2.615000000000000213e+00 7.353360753750886117e-03 3.476552231271924295e-03 7.905614727728891514e-04 3.791117380730221753e-03
2.625000000000000000e+00 7.020617035550296911e-03 3.182086371249520044e-03 7.421780138081520177e-04 3.441185861599943985e-03
2.635000000000000231e+00 6.736592637498446841e-03 3.026767436163199394e-03 7.159442239579785067e-04 3.202656231557628880e-03
2.645000000000000018e+00 6.414228652458157064e-03 2.908051274425325818e-03 7.127429968868696439e-04 3.019217144128802897e-03
2.655000000000000249e+00 6.167638608629869186e-03 2.915510838995026728e-03 7.328140115144155409e-04 2.959201432015397260e-03
2.665000000000000036e+00 6.080790814199168136e-03 2.959974964021265358e-03 7.631420732131201021e-04 2.974091290222727682e-03
2.675000000000000266e+00 6.251014677038737623e-03 3.004871795629368049e-03 8.144581406163270681e-04 3.057032381768281376e-03
2.685000000000000053e+00 6.218874770917779370e-03 2.958440180079953234e-03 8.449561484864679187e-04 3.182712433520809396e-03
2.695000000000000284e+00 6.103727440664320769e-03 2.945950590044420572e-03 8.850507512677698550e-04 3.352741125567461605e-03
2.705000000000000071e+00 5.902523690564066665e-03 2.989673096887609897e-03 9.432923431640002345e-04 3.571760991761918462e-03
2.715000000000000302e+00 5.667420996005332300e-03 3.087661516986351523e-03 1.018260938951190886e-03 3.824332022271308227e-03
2.725000000000000089e+00 5.489868260139630501e-03 3.233264479587268352e-03 1.106035711936063058e-03 4.092013461621244082e-03
2.735000000000000320e+00 5.368628624323830770e-03 3.479801060649326087e-03 1.207619922538342430e-03 4.413528928512562739e-03
2.745000000000000107e+00 5.184869103083430616e-03 3.683520873204651838e-03 1.291504980441826210e-03 4.685121287548141104e-03
2.755000000000000338e+00 5.036180964419404056e-03 3.865774915754461617e-03 1.360200479038220110e-03 4.915403188654120584e-03
2.765000000000000124e+00 5.323181453930125005e-03 4.051526074049545748e-03 1.413054926753801264e-03 5.099930014510679899e-03
2.775000000000000355e+00 5.280427573449596700e-03 4.234795935748079249e-03 1.449354674604109907e-03 5.243460687291050595e-03
2.785000000000000142e+00 5.145620003146473588e-03 4.323053817427471510e-03 1.461258327218142557e-03 5.286311203324839739e-03
2.795000000000000373e+00 4.997826071365311582e-03 4.387632101115012014e-03 1.455467858205501024e-03 5.251093539875771772e-03
2.805000000000000160e+00 4.881669311130225689e-03 4.429613285154967127e-03 1.438829745092571385e-03 5.185145298054764408e-03
2.814999999999999947e+00 4.978598793307779588e-03 4.441117781192730797e-03 1.418697263603647604e-03 5.133664040123435413e-03
2.825000000000000178e+00 5.318823641455768143e-03 4.386662859005808698e-03 1.395009495288440258e-03 5.052085316793335917e-03
2.834999999999999964e+00 5.759912249586636793e-03 4.329642771834485947e-03 1.354397541205922765e-03 4.946437939291254728e-03
2.845000000000000195e+00 6.024754472687189957e-03 4.170835003726151673e-03 1.282207564877938530e-03 4.742248484854363379e-03
2.854999999999999982e+00 6.208304605930994174e-03 3.943314654900290095e-03 1.183246588329131717e-03 4.457627503602516056e-03
2.865000000000000213e+00 3.274058768671138722e-04 -1.426823254149665529e-03 -1.724164997479057937e-03 -2.983958470705757454e-03
2.875000000000000000e+00 1.692912144725895740e-03 -4.182002932131400480e-04 -1.158656278851956378e-03 -1.562061402678002059e-03
2.885000000000000231e+00 3.451808064144246124e-03 9.293491496628388665e-04 -4.024917453144590679e-04 3.439029818004465944e-04
2.895000000000000018e+00 5.604093635122164158e-03 2.615825074478279888e-03 5.443286031334408246e-04 2.733934682729604118e-03
2.905000000000000249e+00 8.149768857659660248e-03 4.641227481233191690e-03 1.681804766491741890e-03 5.608033700109461839e-03
2.915000000000000036e+00 1.108883373175673093e-02 7.005556369927572538e-03 3.009936744760443803e-03 8.966200033940031899e-03
2.925000000000000266e+00 1.442128825741337619e-02 9.708811740561422432e-03 4.528724537939546671e-03 1.280843368422130216e-02
2.935000000000000053e+00 1.814713243462960646e-02 1.275099359313474831e-02 6.238168146029047026e-03 1.713473465095327608e-02
2.945000000000000284e+00 2.226636626340540437e-02 1.613210192764753803e-02 8.138267569028951806e-03 2.194510293413595714e-02
2.955000000000000071e+00 2.677898974374076646e-02 1.985213674409979506e-02 1.022902280693925754e-02 2.723953853376934187e-02
2.965000000000000302e+00 3.168500287563572743e-02 2.391109804249152981e-02 1.251043385975996423e-02 3.301804144985343026e-02
2.975000000000000089e+00 3.698440565909025951e-02 2.830898582282272494e-02 1.498250072749107188e-02 3.928061168238825007e-02
2.985000000000000320e+00 4.267719809410434884e-02 3.304580008509339084e-02 1.764522341013258222e-02 4.602724923137375274e-02
